{
 "cells": [
  {
   "cell_type": "markdown",
   "source": [
    "# Exploratory Data Anlysis - Multivariate Analysis"
   ],
   "metadata": {}
  },
  {
   "cell_type": "code",
   "execution_count": 2,
   "source": [
    "import json\n",
    "import pandas as pd\n",
    "import plotly.express as px\n",
    "import plotly.graph_objects as go\n",
    "import plotly.figure_factory as ff\n",
    "from ipywidgets import widgets"
   ],
   "outputs": [],
   "metadata": {}
  },
  {
   "cell_type": "code",
   "execution_count": 3,
   "source": [
    "df = pd.read_csv('./../../../data/cleaned_data.csv')"
   ],
   "outputs": [],
   "metadata": {}
  },
  {
   "cell_type": "code",
   "execution_count": 4,
   "source": [
    "# Load lists of numerical and categorical columns from the static file\n",
    "with open('./../../../data/statics.json') as f:\n",
    "    statics = json.load(f)\n",
    "categorical_columns = statics['categorical_columns']\n",
    "numerical_columns = statics['numerical_columns']\n"
   ],
   "outputs": [],
   "metadata": {}
  },
  {
   "cell_type": "code",
   "execution_count": 5,
   "source": [
    "# Separate out the dataframe intro numerical and categorical dataframe\n",
    "num_df = df[numerical_columns]\n",
    "cat_df = df[categorical_columns]"
   ],
   "outputs": [],
   "metadata": {}
  },
  {
   "cell_type": "markdown",
   "source": [
    "## Correlation"
   ],
   "metadata": {}
  },
  {
   "cell_type": "markdown",
   "source": [
    "For multivariate, analysis we will begin with correlation. It should be noted that correlation coefficients can only be calculated for numerical variables. It is meaningless to use it for categorical variables. The correlation coefficients can only tell us whether 2 variables are moving together or in opposite direction but in no way it can covey us the about the cause-effect relationship between variables."
   ],
   "metadata": {}
  },
  {
   "cell_type": "code",
   "execution_count": 6,
   "source": [
    "# Compute the correlation coefficients\n",
    "pearson_corr = num_df.corr()\n",
    "spearman_corr = num_df.corr(method='spearman')"
   ],
   "outputs": [],
   "metadata": {}
  },
  {
   "cell_type": "code",
   "execution_count": 7,
   "source": [
    "fig = px.imshow(pearson_corr)\n",
    "fig.update_layout(height=600)\n",
    "fig.show()"
   ],
   "outputs": [
    {
     "output_type": "display_data",
     "data": {
      "application/vnd.plotly.v1+json": {
       "config": {
        "plotlyServerURL": "https://plot.ly"
       },
       "data": [
        {
         "coloraxis": "coloraxis",
         "hovertemplate": "x: %{x}<br>y: %{y}<br>color: %{z}<extra></extra>",
         "name": "0",
         "type": "heatmap",
         "x": [
          "Age",
          "DailyRate",
          "DistanceFromHome",
          "EmployeeNumber",
          "HourlyRate",
          "MonthlyIncome",
          "MonthlyRate",
          "NumCompaniesWorked",
          "PercentSalaryHike",
          "TotalWorkingYears",
          "TrainingTimesLastYear",
          "YearsAtCompany",
          "YearsInCurrentRole",
          "YearsSinceLastPromotion",
          "YearsWithCurrManager"
         ],
         "xaxis": "x",
         "y": [
          "Age",
          "DailyRate",
          "DistanceFromHome",
          "EmployeeNumber",
          "HourlyRate",
          "MonthlyIncome",
          "MonthlyRate",
          "NumCompaniesWorked",
          "PercentSalaryHike",
          "TotalWorkingYears",
          "TrainingTimesLastYear",
          "YearsAtCompany",
          "YearsInCurrentRole",
          "YearsSinceLastPromotion",
          "YearsWithCurrManager"
         ],
         "yaxis": "y",
         "z": [
          [
           1,
           0.010660942645538433,
           -0.00168612014808715,
           -0.0101454670768599,
           0.024286542550967197,
           0.4978545669265801,
           0.02805116713392273,
           0.2996347579836926,
           0.0036335849148618872,
           0.6803805357911985,
           -0.01962081894269849,
           0.3113087697450989,
           0.21290105556556793,
           0.2165133678516537,
           0.20208860237515264
          ],
          [
           0.010660942645538433,
           1,
           -0.00498533735255263,
           -0.05099043365447757,
           0.023381421528320526,
           0.007707058872006053,
           -0.03218160152258194,
           0.0381534342794098,
           0.022703677496334968,
           0.014514738706320902,
           0.002452542712083144,
           -0.03405476756854742,
           0.009932014960094215,
           -0.033228984787772024,
           -0.026363178228837676
          ],
          [
           -0.00168612014808715,
           -0.00498533735255263,
           1,
           0.032916407199243845,
           0.03113058561176572,
           -0.017014444745275862,
           0.02747286354888413,
           -0.029250804197293017,
           0.040235377459193075,
           0.004628425863783857,
           -0.036942234339915794,
           0.009507719899011289,
           0.018844999108945746,
           0.010028835943115395,
           0.014406048430630005
          ],
          [
           -0.0101454670768599,
           -0.05099043365447757,
           0.032916407199243845,
           1,
           0.035179212418708077,
           -0.01482851587378469,
           0.012648229168461627,
           -0.0012510320398018396,
           -0.012943995546151714,
           -0.014365198461301121,
           0.023603169591926734,
           -0.011240463708114047,
           -0.008416311998425954,
           -0.009019064206633414,
           -0.009196645292770315
          ],
          [
           0.024286542550967197,
           0.023381421528320526,
           0.03113058561176572,
           0.035179212418708077,
           1,
           -0.015794304380892982,
           -0.015296749550649661,
           0.02215688339019683,
           -0.00906198625374016,
           -0.002333681823322269,
           -0.008547685209270649,
           -0.019581616209121275,
           -0.02410622020878498,
           -0.02671558606433524,
           -0.020123200184066006
          ],
          [
           0.4978545669265801,
           0.007707058872006053,
           -0.017014444745275862,
           -0.01482851587378469,
           -0.015794304380892982,
           1,
           0.034813626134121846,
           0.14951521598969805,
           -0.02726858644031447,
           0.7728932462543574,
           -0.02173627682389331,
           0.5142848257331957,
           0.3638176669287084,
           0.3449776381654271,
           0.34407888325872127
          ],
          [
           0.02805116713392273,
           -0.03218160152258194,
           0.02747286354888413,
           0.012648229168461627,
           -0.015296749550649661,
           0.034813626134121846,
           1,
           0.017521353415571563,
           -0.006429345946711407,
           0.026442471176015385,
           0.0014668806322858448,
           -0.023655106706177275,
           -0.012814874370471728,
           0.001566799514676175,
           -0.036745905336769386
          ],
          [
           0.2996347579836926,
           0.0381534342794098,
           -0.029250804197293017,
           -0.0012510320398018396,
           0.02215688339019683,
           0.14951521598969805,
           0.017521353415571563,
           1,
           -0.010238309359925521,
           0.23763858978479552,
           -0.06605407172783646,
           -0.11842134024259104,
           -0.0907539337008081,
           -0.03681389238350808,
           -0.11031915543773241
          ],
          [
           0.0036335849148618872,
           0.022703677496334968,
           0.040235377459193075,
           -0.012943995546151714,
           -0.00906198625374016,
           -0.02726858644031447,
           -0.006429345946711407,
           -0.010238309359925521,
           1,
           -0.020608487617691264,
           -0.005221012351721004,
           -0.03599126243195373,
           -0.0015200265442777774,
           -0.022154312598866126,
           -0.01198524847236139
          ],
          [
           0.6803805357911985,
           0.014514738706320902,
           0.004628425863783857,
           -0.014365198461301121,
           -0.002333681823322269,
           0.7728932462543574,
           0.026442471176015385,
           0.23763858978479552,
           -0.020608487617691264,
           1,
           -0.03566157127961907,
           0.6281331552682468,
           0.46036463801180993,
           0.4048577585025587,
           0.45918839708314385
          ],
          [
           -0.01962081894269849,
           0.002452542712083144,
           -0.036942234339915794,
           0.023603169591926734,
           -0.008547685209270649,
           -0.02173627682389331,
           0.0014668806322858448,
           -0.06605407172783646,
           -0.005221012351721004,
           -0.03566157127961907,
           1,
           0.003568665678427449,
           -0.0057375043379568925,
           -0.0020665360380059438,
           -0.004095526021226202
          ],
          [
           0.3113087697450989,
           -0.03405476756854742,
           0.009507719899011289,
           -0.011240463708114047,
           -0.019581616209121275,
           0.5142848257331957,
           -0.023655106706177275,
           -0.11842134024259104,
           -0.03599126243195373,
           0.6281331552682468,
           0.003568665678427449,
           1,
           0.7587537366134619,
           0.6184088652176047,
           0.7692124251007031
          ],
          [
           0.21290105556556793,
           0.009932014960094215,
           0.018844999108945746,
           -0.008416311998425954,
           -0.02410622020878498,
           0.3638176669287084,
           -0.012814874370471728,
           -0.0907539337008081,
           -0.0015200265442777774,
           0.46036463801180993,
           -0.0057375043379568925,
           0.7587537366134619,
           1,
           0.5480562476995187,
           0.7143647616385931
          ],
          [
           0.2165133678516537,
           -0.033228984787772024,
           0.010028835943115395,
           -0.009019064206633414,
           -0.02671558606433524,
           0.3449776381654271,
           0.001566799514676175,
           -0.03681389238350808,
           -0.022154312598866126,
           0.4048577585025587,
           -0.0020665360380059438,
           0.6184088652176047,
           0.5480562476995187,
           1,
           0.5102236357788085
          ],
          [
           0.20208860237515264,
           -0.026363178228837676,
           0.014406048430630005,
           -0.009196645292770315,
           -0.020123200184066006,
           0.34407888325872127,
           -0.036745905336769386,
           -0.11031915543773241,
           -0.01198524847236139,
           0.45918839708314385,
           -0.004095526021226202,
           0.7692124251007031,
           0.7143647616385931,
           0.5102236357788085,
           1
          ]
         ]
        }
       ],
       "layout": {
        "coloraxis": {
         "colorscale": [
          [
           0,
           "#0d0887"
          ],
          [
           0.1111111111111111,
           "#46039f"
          ],
          [
           0.2222222222222222,
           "#7201a8"
          ],
          [
           0.3333333333333333,
           "#9c179e"
          ],
          [
           0.4444444444444444,
           "#bd3786"
          ],
          [
           0.5555555555555556,
           "#d8576b"
          ],
          [
           0.6666666666666666,
           "#ed7953"
          ],
          [
           0.7777777777777778,
           "#fb9f3a"
          ],
          [
           0.8888888888888888,
           "#fdca26"
          ],
          [
           1,
           "#f0f921"
          ]
         ]
        },
        "height": 600,
        "margin": {
         "t": 60
        },
        "template": {
         "data": {
          "bar": [
           {
            "error_x": {
             "color": "#2a3f5f"
            },
            "error_y": {
             "color": "#2a3f5f"
            },
            "marker": {
             "line": {
              "color": "#E5ECF6",
              "width": 0.5
             },
             "pattern": {
              "fillmode": "overlay",
              "size": 10,
              "solidity": 0.2
             }
            },
            "type": "bar"
           }
          ],
          "barpolar": [
           {
            "marker": {
             "line": {
              "color": "#E5ECF6",
              "width": 0.5
             },
             "pattern": {
              "fillmode": "overlay",
              "size": 10,
              "solidity": 0.2
             }
            },
            "type": "barpolar"
           }
          ],
          "carpet": [
           {
            "aaxis": {
             "endlinecolor": "#2a3f5f",
             "gridcolor": "white",
             "linecolor": "white",
             "minorgridcolor": "white",
             "startlinecolor": "#2a3f5f"
            },
            "baxis": {
             "endlinecolor": "#2a3f5f",
             "gridcolor": "white",
             "linecolor": "white",
             "minorgridcolor": "white",
             "startlinecolor": "#2a3f5f"
            },
            "type": "carpet"
           }
          ],
          "choropleth": [
           {
            "colorbar": {
             "outlinewidth": 0,
             "ticks": ""
            },
            "type": "choropleth"
           }
          ],
          "contour": [
           {
            "colorbar": {
             "outlinewidth": 0,
             "ticks": ""
            },
            "colorscale": [
             [
              0,
              "#0d0887"
             ],
             [
              0.1111111111111111,
              "#46039f"
             ],
             [
              0.2222222222222222,
              "#7201a8"
             ],
             [
              0.3333333333333333,
              "#9c179e"
             ],
             [
              0.4444444444444444,
              "#bd3786"
             ],
             [
              0.5555555555555556,
              "#d8576b"
             ],
             [
              0.6666666666666666,
              "#ed7953"
             ],
             [
              0.7777777777777778,
              "#fb9f3a"
             ],
             [
              0.8888888888888888,
              "#fdca26"
             ],
             [
              1,
              "#f0f921"
             ]
            ],
            "type": "contour"
           }
          ],
          "contourcarpet": [
           {
            "colorbar": {
             "outlinewidth": 0,
             "ticks": ""
            },
            "type": "contourcarpet"
           }
          ],
          "heatmap": [
           {
            "colorbar": {
             "outlinewidth": 0,
             "ticks": ""
            },
            "colorscale": [
             [
              0,
              "#0d0887"
             ],
             [
              0.1111111111111111,
              "#46039f"
             ],
             [
              0.2222222222222222,
              "#7201a8"
             ],
             [
              0.3333333333333333,
              "#9c179e"
             ],
             [
              0.4444444444444444,
              "#bd3786"
             ],
             [
              0.5555555555555556,
              "#d8576b"
             ],
             [
              0.6666666666666666,
              "#ed7953"
             ],
             [
              0.7777777777777778,
              "#fb9f3a"
             ],
             [
              0.8888888888888888,
              "#fdca26"
             ],
             [
              1,
              "#f0f921"
             ]
            ],
            "type": "heatmap"
           }
          ],
          "heatmapgl": [
           {
            "colorbar": {
             "outlinewidth": 0,
             "ticks": ""
            },
            "colorscale": [
             [
              0,
              "#0d0887"
             ],
             [
              0.1111111111111111,
              "#46039f"
             ],
             [
              0.2222222222222222,
              "#7201a8"
             ],
             [
              0.3333333333333333,
              "#9c179e"
             ],
             [
              0.4444444444444444,
              "#bd3786"
             ],
             [
              0.5555555555555556,
              "#d8576b"
             ],
             [
              0.6666666666666666,
              "#ed7953"
             ],
             [
              0.7777777777777778,
              "#fb9f3a"
             ],
             [
              0.8888888888888888,
              "#fdca26"
             ],
             [
              1,
              "#f0f921"
             ]
            ],
            "type": "heatmapgl"
           }
          ],
          "histogram": [
           {
            "marker": {
             "pattern": {
              "fillmode": "overlay",
              "size": 10,
              "solidity": 0.2
             }
            },
            "type": "histogram"
           }
          ],
          "histogram2d": [
           {
            "colorbar": {
             "outlinewidth": 0,
             "ticks": ""
            },
            "colorscale": [
             [
              0,
              "#0d0887"
             ],
             [
              0.1111111111111111,
              "#46039f"
             ],
             [
              0.2222222222222222,
              "#7201a8"
             ],
             [
              0.3333333333333333,
              "#9c179e"
             ],
             [
              0.4444444444444444,
              "#bd3786"
             ],
             [
              0.5555555555555556,
              "#d8576b"
             ],
             [
              0.6666666666666666,
              "#ed7953"
             ],
             [
              0.7777777777777778,
              "#fb9f3a"
             ],
             [
              0.8888888888888888,
              "#fdca26"
             ],
             [
              1,
              "#f0f921"
             ]
            ],
            "type": "histogram2d"
           }
          ],
          "histogram2dcontour": [
           {
            "colorbar": {
             "outlinewidth": 0,
             "ticks": ""
            },
            "colorscale": [
             [
              0,
              "#0d0887"
             ],
             [
              0.1111111111111111,
              "#46039f"
             ],
             [
              0.2222222222222222,
              "#7201a8"
             ],
             [
              0.3333333333333333,
              "#9c179e"
             ],
             [
              0.4444444444444444,
              "#bd3786"
             ],
             [
              0.5555555555555556,
              "#d8576b"
             ],
             [
              0.6666666666666666,
              "#ed7953"
             ],
             [
              0.7777777777777778,
              "#fb9f3a"
             ],
             [
              0.8888888888888888,
              "#fdca26"
             ],
             [
              1,
              "#f0f921"
             ]
            ],
            "type": "histogram2dcontour"
           }
          ],
          "mesh3d": [
           {
            "colorbar": {
             "outlinewidth": 0,
             "ticks": ""
            },
            "type": "mesh3d"
           }
          ],
          "parcoords": [
           {
            "line": {
             "colorbar": {
              "outlinewidth": 0,
              "ticks": ""
             }
            },
            "type": "parcoords"
           }
          ],
          "pie": [
           {
            "automargin": true,
            "type": "pie"
           }
          ],
          "scatter": [
           {
            "marker": {
             "colorbar": {
              "outlinewidth": 0,
              "ticks": ""
             }
            },
            "type": "scatter"
           }
          ],
          "scatter3d": [
           {
            "line": {
             "colorbar": {
              "outlinewidth": 0,
              "ticks": ""
             }
            },
            "marker": {
             "colorbar": {
              "outlinewidth": 0,
              "ticks": ""
             }
            },
            "type": "scatter3d"
           }
          ],
          "scattercarpet": [
           {
            "marker": {
             "colorbar": {
              "outlinewidth": 0,
              "ticks": ""
             }
            },
            "type": "scattercarpet"
           }
          ],
          "scattergeo": [
           {
            "marker": {
             "colorbar": {
              "outlinewidth": 0,
              "ticks": ""
             }
            },
            "type": "scattergeo"
           }
          ],
          "scattergl": [
           {
            "marker": {
             "colorbar": {
              "outlinewidth": 0,
              "ticks": ""
             }
            },
            "type": "scattergl"
           }
          ],
          "scattermapbox": [
           {
            "marker": {
             "colorbar": {
              "outlinewidth": 0,
              "ticks": ""
             }
            },
            "type": "scattermapbox"
           }
          ],
          "scatterpolar": [
           {
            "marker": {
             "colorbar": {
              "outlinewidth": 0,
              "ticks": ""
             }
            },
            "type": "scatterpolar"
           }
          ],
          "scatterpolargl": [
           {
            "marker": {
             "colorbar": {
              "outlinewidth": 0,
              "ticks": ""
             }
            },
            "type": "scatterpolargl"
           }
          ],
          "scatterternary": [
           {
            "marker": {
             "colorbar": {
              "outlinewidth": 0,
              "ticks": ""
             }
            },
            "type": "scatterternary"
           }
          ],
          "surface": [
           {
            "colorbar": {
             "outlinewidth": 0,
             "ticks": ""
            },
            "colorscale": [
             [
              0,
              "#0d0887"
             ],
             [
              0.1111111111111111,
              "#46039f"
             ],
             [
              0.2222222222222222,
              "#7201a8"
             ],
             [
              0.3333333333333333,
              "#9c179e"
             ],
             [
              0.4444444444444444,
              "#bd3786"
             ],
             [
              0.5555555555555556,
              "#d8576b"
             ],
             [
              0.6666666666666666,
              "#ed7953"
             ],
             [
              0.7777777777777778,
              "#fb9f3a"
             ],
             [
              0.8888888888888888,
              "#fdca26"
             ],
             [
              1,
              "#f0f921"
             ]
            ],
            "type": "surface"
           }
          ],
          "table": [
           {
            "cells": {
             "fill": {
              "color": "#EBF0F8"
             },
             "line": {
              "color": "white"
             }
            },
            "header": {
             "fill": {
              "color": "#C8D4E3"
             },
             "line": {
              "color": "white"
             }
            },
            "type": "table"
           }
          ]
         },
         "layout": {
          "annotationdefaults": {
           "arrowcolor": "#2a3f5f",
           "arrowhead": 0,
           "arrowwidth": 1
          },
          "autotypenumbers": "strict",
          "coloraxis": {
           "colorbar": {
            "outlinewidth": 0,
            "ticks": ""
           }
          },
          "colorscale": {
           "diverging": [
            [
             0,
             "#8e0152"
            ],
            [
             0.1,
             "#c51b7d"
            ],
            [
             0.2,
             "#de77ae"
            ],
            [
             0.3,
             "#f1b6da"
            ],
            [
             0.4,
             "#fde0ef"
            ],
            [
             0.5,
             "#f7f7f7"
            ],
            [
             0.6,
             "#e6f5d0"
            ],
            [
             0.7,
             "#b8e186"
            ],
            [
             0.8,
             "#7fbc41"
            ],
            [
             0.9,
             "#4d9221"
            ],
            [
             1,
             "#276419"
            ]
           ],
           "sequential": [
            [
             0,
             "#0d0887"
            ],
            [
             0.1111111111111111,
             "#46039f"
            ],
            [
             0.2222222222222222,
             "#7201a8"
            ],
            [
             0.3333333333333333,
             "#9c179e"
            ],
            [
             0.4444444444444444,
             "#bd3786"
            ],
            [
             0.5555555555555556,
             "#d8576b"
            ],
            [
             0.6666666666666666,
             "#ed7953"
            ],
            [
             0.7777777777777778,
             "#fb9f3a"
            ],
            [
             0.8888888888888888,
             "#fdca26"
            ],
            [
             1,
             "#f0f921"
            ]
           ],
           "sequentialminus": [
            [
             0,
             "#0d0887"
            ],
            [
             0.1111111111111111,
             "#46039f"
            ],
            [
             0.2222222222222222,
             "#7201a8"
            ],
            [
             0.3333333333333333,
             "#9c179e"
            ],
            [
             0.4444444444444444,
             "#bd3786"
            ],
            [
             0.5555555555555556,
             "#d8576b"
            ],
            [
             0.6666666666666666,
             "#ed7953"
            ],
            [
             0.7777777777777778,
             "#fb9f3a"
            ],
            [
             0.8888888888888888,
             "#fdca26"
            ],
            [
             1,
             "#f0f921"
            ]
           ]
          },
          "colorway": [
           "#636efa",
           "#EF553B",
           "#00cc96",
           "#ab63fa",
           "#FFA15A",
           "#19d3f3",
           "#FF6692",
           "#B6E880",
           "#FF97FF",
           "#FECB52"
          ],
          "font": {
           "color": "#2a3f5f"
          },
          "geo": {
           "bgcolor": "white",
           "lakecolor": "white",
           "landcolor": "#E5ECF6",
           "showlakes": true,
           "showland": true,
           "subunitcolor": "white"
          },
          "hoverlabel": {
           "align": "left"
          },
          "hovermode": "closest",
          "mapbox": {
           "style": "light"
          },
          "paper_bgcolor": "white",
          "plot_bgcolor": "#E5ECF6",
          "polar": {
           "angularaxis": {
            "gridcolor": "white",
            "linecolor": "white",
            "ticks": ""
           },
           "bgcolor": "#E5ECF6",
           "radialaxis": {
            "gridcolor": "white",
            "linecolor": "white",
            "ticks": ""
           }
          },
          "scene": {
           "xaxis": {
            "backgroundcolor": "#E5ECF6",
            "gridcolor": "white",
            "gridwidth": 2,
            "linecolor": "white",
            "showbackground": true,
            "ticks": "",
            "zerolinecolor": "white"
           },
           "yaxis": {
            "backgroundcolor": "#E5ECF6",
            "gridcolor": "white",
            "gridwidth": 2,
            "linecolor": "white",
            "showbackground": true,
            "ticks": "",
            "zerolinecolor": "white"
           },
           "zaxis": {
            "backgroundcolor": "#E5ECF6",
            "gridcolor": "white",
            "gridwidth": 2,
            "linecolor": "white",
            "showbackground": true,
            "ticks": "",
            "zerolinecolor": "white"
           }
          },
          "shapedefaults": {
           "line": {
            "color": "#2a3f5f"
           }
          },
          "ternary": {
           "aaxis": {
            "gridcolor": "white",
            "linecolor": "white",
            "ticks": ""
           },
           "baxis": {
            "gridcolor": "white",
            "linecolor": "white",
            "ticks": ""
           },
           "bgcolor": "#E5ECF6",
           "caxis": {
            "gridcolor": "white",
            "linecolor": "white",
            "ticks": ""
           }
          },
          "title": {
           "x": 0.05
          },
          "xaxis": {
           "automargin": true,
           "gridcolor": "white",
           "linecolor": "white",
           "ticks": "",
           "title": {
            "standoff": 15
           },
           "zerolinecolor": "white",
           "zerolinewidth": 2
          },
          "yaxis": {
           "automargin": true,
           "gridcolor": "white",
           "linecolor": "white",
           "ticks": "",
           "title": {
            "standoff": 15
           },
           "zerolinecolor": "white",
           "zerolinewidth": 2
          }
         }
        },
        "xaxis": {
         "anchor": "y",
         "constrain": "domain",
         "domain": [
          0,
          1
         ],
         "scaleanchor": "y"
        },
        "yaxis": {
         "anchor": "x",
         "autorange": "reversed",
         "constrain": "domain",
         "domain": [
          0,
          1
         ]
        }
       }
      }
     },
     "metadata": {}
    }
   ],
   "metadata": {}
  },
  {
   "cell_type": "markdown",
   "source": [
    "From the above chart it can be noted that there are no variables with extreme negative correlations.  \n",
    "Total working years is highly correlated with age, monthly income, and years at company. It would be convenient for us to remove this variable but I would like to take this decision while feature selection.\n",
    "Years at current company, years in current role. years since last promotion and years with current manager are all highly correlated with each other. "
   ],
   "metadata": {}
  },
  {
   "cell_type": "markdown",
   "source": [
    "Pearson correlation gives us linear correlation while Spearman correlation gives us non-linear correation. Repeating the above activity with Spearman correlation gives - "
   ],
   "metadata": {}
  },
  {
   "cell_type": "code",
   "execution_count": 8,
   "source": [
    "fig = px.imshow(spearman_corr)\n",
    "fig.update_layout(height=600)\n",
    "fig.show()"
   ],
   "outputs": [
    {
     "output_type": "display_data",
     "data": {
      "application/vnd.plotly.v1+json": {
       "config": {
        "plotlyServerURL": "https://plot.ly"
       },
       "data": [
        {
         "coloraxis": "coloraxis",
         "hovertemplate": "x: %{x}<br>y: %{y}<br>color: %{z}<extra></extra>",
         "name": "0",
         "type": "heatmap",
         "x": [
          "Age",
          "DailyRate",
          "DistanceFromHome",
          "EmployeeNumber",
          "HourlyRate",
          "MonthlyIncome",
          "MonthlyRate",
          "NumCompaniesWorked",
          "PercentSalaryHike",
          "TotalWorkingYears",
          "TrainingTimesLastYear",
          "YearsAtCompany",
          "YearsInCurrentRole",
          "YearsSinceLastPromotion",
          "YearsWithCurrManager"
         ],
         "xaxis": "x",
         "y": [
          "Age",
          "DailyRate",
          "DistanceFromHome",
          "EmployeeNumber",
          "HourlyRate",
          "MonthlyIncome",
          "MonthlyRate",
          "NumCompaniesWorked",
          "PercentSalaryHike",
          "TotalWorkingYears",
          "TrainingTimesLastYear",
          "YearsAtCompany",
          "YearsInCurrentRole",
          "YearsSinceLastPromotion",
          "YearsWithCurrManager"
         ],
         "yaxis": "y",
         "z": [
          [
           1,
           0.007289728044117845,
           -0.019290910985248558,
           -0.00176963967028768,
           0.028858485163538228,
           0.471902130232714,
           0.017451000802963367,
           0.3532126307915887,
           0.007708837983941597,
           0.656895823213162,
           0.00031580491694933107,
           0.2516859699509599,
           0.1979775610040097,
           0.1736472238168011,
           0.19481758412797953
          ],
          [
           0.007289728044117845,
           1,
           -0.0027536667797074072,
           -0.05179960502512342,
           0.023511433281152457,
           0.016259651841387765,
           -0.03235951997245843,
           0.036548345445756136,
           0.02507040343270031,
           0.020950699420673024,
           -0.011338974540025927,
           -0.009778343947306218,
           0.007207538803194541,
           -0.037631293170119644,
           -0.004716518904715813
          ],
          [
           -0.019290910985248558,
           -0.0027536667797074072,
           1,
           0.03890614223887948,
           0.020445907819259417,
           0.002512448420823388,
           0.03961780522063657,
           -0.00959187700056381,
           0.029666427948417493,
           -0.0029123746354370135,
           -0.02484836091325475,
           0.010513094934896283,
           0.013708096371310239,
           -0.004685210833973205,
           0.004447867974834503
          ],
          [
           -0.00176963967028768,
           -0.05179960502512342,
           0.03890614223887948,
           1,
           0.03471701001136338,
           0.001797404092534979,
           0.011933399262245622,
           0.007010675240557605,
           -0.008178516440490564,
           -0.003747927432238492,
           0.026502146504605497,
           0.013205473336095383,
           -0.0010787227847595083,
           0.00785701838360708,
           -0.005137753820723074
          ],
          [
           0.028858485163538228,
           0.023511433281152457,
           0.020445907819259417,
           0.03471701001136338,
           1,
           -0.01976172189334658,
           -0.01488849975334271,
           0.019209250371218074,
           -0.009875548312616741,
           -0.012071632754873673,
           0.0002918715012365139,
           -0.029032327714145,
           -0.03401604754575151,
           -0.05241240222245271,
           -0.013811415507819945
          ],
          [
           0.471902130232714,
           0.016259651841387765,
           0.002512448420823388,
           0.001797404092534979,
           -0.01976172189334658,
           1,
           0.05427676599185805,
           0.19030721650774332,
           -0.03376707640709217,
           0.7100243140565019,
           -0.03484676172735931,
           0.4643152352674331,
           0.3947118335315311,
           0.2645993315691531,
           0.3653856781587293
          ],
          [
           0.017451000802963367,
           -0.03235951997245843,
           0.03961780522063657,
           0.011933399262245622,
           -0.01488849975334271,
           0.05427676599185805,
           1,
           0.01955329843160758,
           -0.0054705368713460975,
           0.013359823113769239,
           -0.010017947191819141,
           -0.029861868063787118,
           -0.006865497271888684,
           -0.016285473404381207,
           -0.035059141800175796
          ],
          [
           0.3532126307915887,
           0.036548345445756136,
           -0.00959187700056381,
           0.007010675240557605,
           0.019209250371218074,
           0.19030721650774332,
           0.01955329843160758,
           1,
           0.00004628802332206085,
           0.315195581792902,
           -0.04733649411650567,
           -0.17106983096725337,
           -0.12767297617411802,
           -0.06695017895522498,
           -0.14412897573695665
          ],
          [
           0.007708837983941597,
           0.02507040343270031,
           0.029666427948417493,
           -0.008178516440490564,
           -0.009875548312616741,
           -0.03376707640709217,
           -0.0054705368713460975,
           0.00004628802332206085,
           1,
           -0.025527604062621216,
           -0.004106181723038015,
           -0.05411676066333007,
           -0.025528480464788766,
           -0.05536241929008845,
           -0.026048832231173734
          ],
          [
           0.656895823213162,
           0.020950699420673024,
           -0.0029123746354370135,
           -0.003747927432238492,
           -0.012071632754873673,
           0.7100243140565019,
           0.013359823113769239,
           0.315195581792902,
           -0.025527604062621216,
           1,
           -0.014150577504081236,
           0.5941932530497811,
           0.4927213241597056,
           0.33499564034684404,
           0.4952541030022398
          ],
          [
           0.00031580491694933107,
           -0.011338974540025927,
           -0.02484836091325475,
           0.026502146504605497,
           0.0002918715012365139,
           -0.03484676172735931,
           -0.010017947191819141,
           -0.04733649411650567,
           -0.004106181723038015,
           -0.014150577504081236,
           1,
           0.0013893446989500775,
           0.004581056899978891,
           0.01021543457159553,
           -0.011627540754936617
          ],
          [
           0.2516859699509599,
           -0.009778343947306218,
           0.010513094934896283,
           0.013205473336095383,
           -0.029032327714145,
           0.4643152352674331,
           -0.029861868063787118,
           -0.17106983096725337,
           -0.05411676066333007,
           0.5941932530497811,
           0.0013893446989500775,
           1,
           0.8539995332892505,
           0.5199664440864266,
           0.8428033421828458
          ],
          [
           0.1979775610040097,
           0.007207538803194541,
           0.013708096371310239,
           -0.0010787227847595083,
           -0.03401604754575151,
           0.3947118335315311,
           -0.006865497271888684,
           -0.12767297617411802,
           -0.025528480464788766,
           0.4927213241597056,
           0.004581056899978891,
           0.8539995332892505,
           1,
           0.5056565032149039,
           0.7247542192761358
          ],
          [
           0.1736472238168011,
           -0.037631293170119644,
           -0.004685210833973205,
           0.00785701838360708,
           -0.05241240222245271,
           0.2645993315691531,
           -0.016285473404381207,
           -0.06695017895522498,
           -0.05536241929008845,
           0.33499564034684404,
           0.01021543457159553,
           0.5199664440864266,
           0.5056565032149039,
           1,
           0.4667127452145146
          ],
          [
           0.19481758412797953,
           -0.004716518904715813,
           0.004447867974834503,
